 
       gener          stat    P       Q       V    V-Vimp    Qmin    Qmax    Pmin    Pmax

 G1                   PV     757.3   317.0 1.0000  0.0000   -250.0   620.0 -9999.9 99999.9
 G2                   PV      50.7   105.1 1.0000  0.0000   -250.0   690.0     0.0   850.0
 G3                   PV     399.1    75.5 0.9900  0.0000    -50.0   220.0     0.0   405.0
 G4                   PV     250.0   113.8 0.9900  0.0000    -50.0   140.0     0.0   270.0
 G5                   PV     375.0   106.6 0.9900  0.0000    -50.0   210.0     0.0   405.0
 G6                   PV     800.0   257.6 1.0100  0.0000   -250.0   550.0     0.0   850.0
 E1                   PV     304.6   -51.6 1.0700  0.0000   -999.0  9999.0     0.0  4000.0
 E2                   PV     412.5   215.7 1.0700  0.0000   -999.0  9999.0     0.0  4000.0
 E3                   PV       0.0   -62.9 1.0700  0.0000   -999.0  9999.0     0.0  4000.0
 
 
