 
       gener          stat    P       Q       V    V-Vimp    Qmin    Qmax    Pmin    Pmax

 G1                   PV     848.7   354.8 1.0000  0.0000   -250.0   620.0 -9999.9 99999.9
 G2                   PV     260.0   140.6 1.0000  0.0000   -250.0   690.0     0.0   850.0
 G3                   PV     405.0    84.7 0.9900  0.0000    -50.0   220.0     0.0   405.0
 G4                   PV     250.0   125.4 0.9900  0.0000    -50.0   140.0     0.0   270.0
 G5                   PV     375.0   126.5 0.9900  0.0000    -50.0   210.0     0.0   405.0
 G6                   PV     800.0   300.4 1.0100  0.0000   -250.0   550.0     0.0   850.0
 E1                            0.0     0.0 0.0000  0.0000   -999.0  9999.0     0.0  4000.0
 E2                            0.0     0.0 0.0000  0.0000   -999.0  9999.0     0.0  4000.0
 E3                            0.0     0.0 0.0000  0.0000   -999.0  9999.0     0.0  4000.0
 
 
